,0,1,2,3,4,5,6,7,8,9,10,11,12,13,14,15,16,17,18,19,20,21,22,23,24,25,26,27,28,29,30,31,32,33,34,35,36,37
0,5.014969706535339355e-01,9.205353260040283203e-01,8.861629366874694824e-01,8.425685167312622070e-01,8.552561402320861816e-01,8.312923908233642578e-01,8.554359078407287598e-01,9.541408419609069824e-01,9.509925842285156250e-01,9.893411397933959961e-01,9.807265996932983398e-01,9.565408229827880859e-01,9.592505097389221191e-01,1.023141860961914062e+00,1.004367709159851074e+00,1.009205937385559082e+00,1.032351732254028320e+00,9.199867248535156250e-01,9.515699148178100586e-01,9.274799227714538574e-01,9.698014855384826660e-01,9.990383982658386230e-01,9.951756596565246582e-01,9.538891315460205078e-01,9.611957073211669922e-01,9.773697853088378906e-01,9.497243762016296387e-01,9.844923615455627441e-01,9.638861417770385742e-01,9.964974522590637207e-01,9.793897867202758789e-01,9.603038430213928223e-01,9.853417277336120605e-01,9.897587895393371582e-01,9.970388412475585938e-01,9.188868403434753418e-01,9.732948541641235352e-01,9.384663701057434082e-01
1,9.205353260040283203e-01,5.805166959762573242e-01,6.385865807533264160e-01,9.476795792579650879e-01,8.630327582359313965e-01,8.722228407859802246e-01,8.810823559761047363e-01,8.257745504379272461e-01,8.944175839424133301e-01,9.021664261817932129e-01,9.253557324409484863e-01,8.981368541717529297e-01,8.692703247070312500e-01,8.989293575286865234e-01,8.917499184608459473e-01,9.645091891288757324e-01,9.808202385902404785e-01,1.023337125778198242e+00,9.845510721206665039e-01,9.733541011810302734e-01,9.894073605537414551e-01,9.471265077590942383e-01,9.836316108703613281e-01,9.786659479141235352e-01,1.015671610832214355e+00,9.946113228797912598e-01,1.029675245285034180e+00,9.779066443443298340e-01,1.039358735084533691e+00,9.765272736549377441e-01,9.782643914222717285e-01,9.630438089370727539e-01,1.009531140327453613e+00,1.000083208084106445e+00,9.935547113418579102e-01,9.283480048179626465e-01,9.820441603660583496e-01,9.733090400695800781e-01
2,8.861629366874694824e-01,6.385865807533264160e-01,4.869261085987091064e-01,8.913670182228088379e-01,8.406395912170410156e-01,8.660558462142944336e-01,8.654456138610839844e-01,8.333599567413330078e-01,8.436799645423889160e-01,9.733744859695434570e-01,9.372054934501647949e-01,9.216666221618652344e-01,9.234672784805297852e-01,9.598293304443359375e-01,9.356431961059570312e-01,9.896277785301208496e-01,1.005981087684631348e+00,9.606091976165771484e-01,9.143235087394714355e-01,9.371269345283508301e-01,9.775192737579345703e-01,9.105508923530578613e-01,1.007646679878234863e+00,9.718267321586608887e-01,1.007403135299682617e+00,1.005630016326904297e+00,1.030988574028015137e+00,9.757575988769531250e-01,1.029267787933349609e+00,9.767659902572631836e-01,9.755914211273193359e-01,9.598031640052795410e-01,1.025382399559020996e+00,1.002920627593994141e+00,1.014404773712158203e+00,9.695240259170532227e-01,9.722548127174377441e-01,9.588176608085632324e-01
3,8.425685167312622070e-01,9.476795792579650879e-01,8.913670182228088379e-01,3.555744588375091553e-01,7.837622761726379395e-01,7.775859832763671875e-01,8.725649118423461914e-01,9.381228685379028320e-01,9.281774163246154785e-01,9.972305297851562500e-01,9.682137966156005859e-01,1.011471152305603027e+00,1.001143932342529297e+00,1.032962203025817871e+00,9.803808927536010742e-01,1.050961971282958984e+00,1.095418572425842285e+00,9.372461438179016113e-01,9.503212571144104004e-01,9.729249477386474609e-01,9.104998707771301270e-01,9.540557265281677246e-01,9.675538539886474609e-01,1.038091897964477539e+00,1.014936566352844238e+00,1.044210553169250488e+00,9.933310747146606445e-01,1.040089488029479980e+00,1.041793107986450195e+00,1.069387912750244141e+00,1.026343941688537598e+00,1.003932118415832520e+00,9.817584753036499023e-01,9.579610228538513184e-01,1.024096727371215820e+00,9.726176261901855469e-01,1.000659227371215820e+00,9.610204100608825684e-01
4,8.552561402320861816e-01,8.630327582359313965e-01,8.406395912170410156e-01,7.837622761726379395e-01,2.230133861303329468e-01,8.061978816986083984e-01,9.210767745971679688e-01,8.840380311012268066e-01,8.929494619369506836e-01,9.507499933242797852e-01,9.653496742248535156e-01,9.246956110000610352e-01,9.358844161033630371e-01,9.842625260353088379e-01,9.671912789344787598e-01,1.066216707229614258e+00,1.075798869132995605e+00,9.018924236297607422e-01,8.815947175025939941e-01,9.083440899848937988e-01,9.476228952407836914e-01,8.784214258193969727e-01,9.721865057945251465e-01,1.004579424858093262e+00,1.011323213577270508e+00,1.041681170463562012e+00,9.875974059104919434e-01,1.013589739799499512e+00,1.026677608489990234e+00,1.034487247467041016e+00,1.009349584579467773e+00,9.695721268653869629e-01,1.057897806167602539e+00,1.020177483558654785e+00,1.003176212310791016e+00,1.003651261329650879e+00,9.866515398025512695e-01,9.783917069435119629e-01
5,8.312923908233642578e-01,8.722228407859802246e-01,8.660558462142944336e-01,7.775859832763671875e-01,8.061978816986083984e-01,4.490609765052795410e-01,5.724822282791137695e-01,9.671619534492492676e-01,9.947338700294494629e-01,1.037111282348632812e+00,1.030155301094055176e+00,1.057017087936401367e+00,1.033514499664306641e+00,1.057290196418762207e+00,1.027564764022827148e+00,1.115684390068054199e+00,1.135712742805480957e+00,8.951319456100463867e-01,9.730153679847717285e-01,9.625328779220581055e-01,9.868451356887817383e-01,9.482234120368957520e-01,1.005504250526428223e+00,1.015929341316223145e+00,9.987966418266296387e-01,1.022653102874755859e+00,9.901419281959533691e-01,1.030745267868041992e+00,1.006027579307556152e+00,9.967477321624755859e-01,9.989284276962280273e-01,9.777495265007019043e-01,1.026058197021484375e+00,9.971151947975158691e-01,1.031275272369384766e+00,9.760812520980834961e-01,1.014307737350463867e+00,9.800723195075988770e-01
6,8.554359078407287598e-01,8.810823559761047363e-01,8.654456138610839844e-01,8.725649118423461914e-01,9.210767745971679688e-01,5.724822282791137695e-01,5.277701020240783691e-01,9.743148684501647949e-01,9.978032112121582031e-01,1.021274328231811523e+00,1.041142106056213379e+00,1.045269250869750977e+00,1.009361386299133301e+00,1.045765161514282227e+00,1.016860008239746094e+00,1.065111041069030762e+00,1.082393884658813477e+00,9.385389685630798340e-01,9.793472290039062500e-01,9.778725504875183105e-01,9.759415984153747559e-01,9.636945128440856934e-01,9.888192415237426758e-01,9.982783198356628418e-01,1.012508988380432129e+00,1.015463948249816895e+00,1.000474572181701660e+00,1.014619708061218262e+00,1.010711431503295898e+00,9.999006390571594238e-01,1.002210497856140137e+00,9.922468066215515137e-01,9.928467869758605957e-01,9.729281067848205566e-01,1.000645399093627930e+00,9.603810906410217285e-01,9.811518788337707520e-01,9.643862843513488770e-01
7,9.541408419609069824e-01,8.257745504379272461e-01,8.333599567413330078e-01,9.381228685379028320e-01,8.840380311012268066e-01,9.671619534492492676e-01,9.743148684501647949e-01,5.034949183464050293e-01,6.456683278083801270e-01,6.355921030044555664e-01,7.154079079627990723e-01,6.912830471992492676e-01,7.041316628456115723e-01,6.423480510711669922e-01,6.294752359390258789e-01,1.010251045227050781e+00,1.006293177604675293e+00,9.670231342315673828e-01,9.378657341003417969e-01,9.379706382751464844e-01,9.548504352569580078e-01,9.143825769424438477e-01,1.006548285484313965e+00,1.004114031791687012e+00,9.962436556816101074e-01,1.015781283378601074e+00,1.016002893447875977e+00,1.017905592918395996e+00,1.065099954605102539e+00,1.022508025169372559e+00,1.006930589675903320e+00,9.773296713829040527e-01,1.044420003890991211e+00,1.013299822807312012e+00,1.001661181449890137e+00,1.000279426574707031e+00,9.781737923622131348e-01,9.879840612411499023e-01
8,9.509925842285156250e-01,8.944175839424133301e-01,8.436799645423889160e-01,9.281774163246154785e-01,8.929494619369506836e-01,9.947338700294494629e-01,9.978032112121582031e-01,6.456683278083801270e-01,4.824285805225372314e-01,7.047923803329467773e-01,6.939732432365417480e-01,6.838393211364746094e-01,7.801229953765869141e-01,7.256243228912353516e-01,7.097551822662353516e-01,9.913374185562133789e-01,9.861716628074645996e-01,9.928703308105468750e-01,9.486656188964843750e-01,9.618666172027587891e-01,9.790154099464416504e-01,9.290781021118164062e-01,1.003519535064697266e+00,1.004010319709777832e+00,9.813955426216125488e-01,1.019180417060852051e+00,1.014278769493103027e+00,1.015405535697937012e+00,1.035276651382446289e+00,1.026819705963134766e+00,1.037422180175781250e+00,1.022204995155334473e+00,1.008927702903747559e+00,9.903161525726318359e-01,9.806332588195800781e-01,1.004800319671630859e+00,9.811147451400756836e-01,1.001564979553222656e+00
9,9.893411397933959961e-01,9.021664261817932129e-01,9.733744859695434570e-01,9.972305297851562500e-01,9.507499933242797852e-01,1.037111282348632812e+00,1.021274328231811523e+00,6.355921030044555664e-01,7.047923803329467773e-01,4.912312328815460205e-01,6.617630720138549805e-01,6.675737500190734863e-01,6.121092438697814941e-01,5.903757810592651367e-01,5.700411200523376465e-01,1.035621523857116699e+00,1.013066649436950684e+00,9.909185171127319336e-01,9.505618214607238770e-01,9.449512958526611328e-01,9.613040685653686523e-01,9.238856434822082520e-01,9.698447585105895996e-01,9.809662699699401855e-01,9.733524322509765625e-01,9.776194095611572266e-01,9.999746680259704590e-01,9.883371591567993164e-01,1.026588916778564453e+00,9.827082157135009766e-01,9.717778563499450684e-01,9.428281784057617188e-01,1.015145301818847656e+00,9.951975345611572266e-01,1.005828738212585449e+00,9.850736260414123535e-01,9.605070352554321289e-01,1.015460133552551270e+00
10,9.807265996932983398e-01,9.253557324409484863e-01,9.372054934501647949e-01,9.682137966156005859e-01,9.653496742248535156e-01,1.030155301094055176e+00,1.041142106056213379e+00,7.154079079627990723e-01,6.939732432365417480e-01,6.617630720138549805e-01,4.928052127361297607e-01,7.286665439605712891e-01,7.290675640106201172e-01,7.074567675590515137e-01,6.884239315986633301e-01,1.054295778274536133e+00,1.031927704811096191e+00,9.896533489227294922e-01,9.680876731872558594e-01,9.735938310623168945e-01,9.679551124572753906e-01,9.260625839233398438e-01,9.952940940856933594e-01,9.854314327239990234e-01,9.881721735000610352e-01,1.009492754936218262e+00,1.034861445426940918e+00,1.014811277389526367e+00,1.039496064186096191e+00,1.017627120018005371e+00,1.010977149009704590e+00,9.734501242637634277e-01,1.022337913513183594e+00,9.885265827178955078e-01,9.636657238006591797e-01,9.477890729904174805e-01,9.588631987571716309e-01,9.941110014915466309e-01
11,9.565408229827880859e-01,8.981368541717529297e-01,9.216666221618652344e-01,1.011471152305603027e+00,9.246956110000610352e-01,1.057017087936401367e+00,1.045269250869750977e+00,6.912830471992492676e-01,6.838393211364746094e-01,6.675737500190734863e-01,7.286665439605712891e-01,4.941071569919586182e-01,6.631214022636413574e-01,6.054583787918090820e-01,6.426129937171936035e-01,1.016439080238342285e+00,9.930492639541625977e-01,9.757144451141357422e-01,9.699354767799377441e-01,9.342286586761474609e-01,9.812772274017333984e-01,9.034369587898254395e-01,9.948894381523132324e-01,9.699376821517944336e-01,9.682555198669433594e-01,9.808294177055358887e-01,1.011403203010559082e+00,9.860043525695800781e-01,1.001933693885803223e+00,9.761490821838378906e-01,9.529781937599182129e-01,9.537266492843627930e-01,1.027848124504089355e+00,1.013727188110351562e+00,9.958605170249938965e-01,9.800605177879333496e-01,9.820054173469543457e-01,9.701893329620361328e-01
12,9.592505097389221191e-01,8.692703247070312500e-01,9.234672784805297852e-01,1.001143932342529297e+00,9.358844161033630371e-01,1.033514499664306641e+00,1.009361386299133301e+00,7.041316628456115723e-01,7.801229953765869141e-01,6.121092438697814941e-01,7.290675640106201172e-01,6.631214022636413574e-01,5.165525674819946289e-01,6.319490075111389160e-01,6.020610332489013672e-01,1.000560283660888672e+00,9.989001750946044922e-01,9.574728608131408691e-01,9.341601729393005371e-01,9.535724520683288574e-01,9.615122079849243164e-01,9.156549572944641113e-01,9.900553226470947266e-01,9.719280004501342773e-01,9.915148019790649414e-01,1.000442981719970703e+00,1.025257229804992676e+00,9.906457662582397461e-01,1.045431137084960938e+00,9.740965366363525391e-01,9.634805321693420410e-01,9.328524470329284668e-01,1.052883148193359375e+00,1.030389904975891113e+00,1.038416743278503418e+00,1.000947594642639160e+00,1.004915595054626465e+00,1.002766728401184082e+00
13,1.023141860961914062e+00,8.989293575286865234e-01,9.598293304443359375e-01,1.032962203025817871e+00,9.842625260353088379e-01,1.057290196418762207e+00,1.045765161514282227e+00,6.423480510711669922e-01,7.256243228912353516e-01,5.903757810592651367e-01,7.074567675590515137e-01,6.054583787918090820e-01,6.319490075111389160e-01,4.925912022590637207e-01,5.807509422302246094e-01,1.013719081878662109e+00,9.856201410293579102e-01,1.004906654357910156e+00,9.639297723770141602e-01,9.492340087890625000e-01,9.747627973556518555e-01,9.393947720527648926e-01,9.840348958969116211e-01,9.706242084503173828e-01,9.690329432487487793e-01,9.478437900543212891e-01,1.004421710968017578e+00,9.729905128479003906e-01,1.017806887626647949e+00,9.598723649978637695e-01,9.728307127952575684e-01,9.337469935417175293e-01,1.007070779800415039e+00,1.002614855766296387e+00,9.574108719825744629e-01,9.465610384941101074e-01,9.679229855537414551e-01,9.600088596343994141e-01
14,1.004367709159851074e+00,8.917499184608459473e-01,9.356431961059570312e-01,9.803808927536010742e-01,9.671912789344787598e-01,1.027564764022827148e+00,1.016860008239746094e+00,6.294752359390258789e-01,7.097551822662353516e-01,5.700411200523376465e-01,6.884239315986633301e-01,6.426129937171936035e-01,6.020610332489013672e-01,5.807509422302246094e-01,5.425739288330078125e-01,1.009065389633178711e+00,1.002308726310729980e+00,9.890694618225097656e-01,9.796633720397949219e-01,9.749737977981567383e-01,9.783325195312500000e-01,9.357320070266723633e-01,9.940487742424011230e-01,9.846283793449401855e-01,9.869736433029174805e-01,9.902405142784118652e-01,1.007217884063720703e+00,1.000665307044982910e+00,1.052437305450439453e+00,9.852945804595947266e-01,9.719324707984924316e-01,9.343526363372802734e-01,1.027012467384338379e+00,1.000381708145141602e+00,9.851773977279663086e-01,9.922738075256347656e-01,9.607859253883361816e-01,1.026622414588928223e+00
15,1.009205937385559082e+00,9.645091891288757324e-01,9.896277785301208496e-01,1.050961971282958984e+00,1.066216707229614258e+00,1.115684390068054199e+00,1.065111041069030762e+00,1.010251045227050781e+00,9.913374185562133789e-01,1.035621523857116699e+00,1.054295778274536133e+00,1.016439080238342285e+00,1.000560283660888672e+00,1.013719081878662109e+00,1.009065389633178711e+00,3.440554141998291016e-01,4.105876684188842773e-01,1.098947882652282715e+00,1.053779125213623047e+00,1.058341860771179199e+00,1.063114285469055176e+00,1.082513809204101562e+00,1.060873508453369141e+00,1.019085884094238281e+00,1.052582383155822754e+00,1.055199980735778809e+00,1.026142239570617676e+00,1.044742107391357422e+00,1.076429843902587891e+00,9.988567829132080078e-01,1.031302094459533691e+00,1.032088875770568848e+00,9.274211525917053223e-01,9.947646856307983398e-01,1.031901478767395020e+00,1.019369244575500488e+00,1.008567452430725098e+00,1.111844062805175781e+00
16,1.032351732254028320e+00,9.808202385902404785e-01,1.005981087684631348e+00,1.095418572425842285e+00,1.075798869132995605e+00,1.135712742805480957e+00,1.082393884658813477e+00,1.006293177604675293e+00,9.861716628074645996e-01,1.013066649436950684e+00,1.031927704811096191e+00,9.930492639541625977e-01,9.989001750946044922e-01,9.856201410293579102e-01,1.002308726310729980e+00,4.105876684188842773e-01,3.331050276756286621e-01,1.114836931228637695e+00,1.087659120559692383e+00,1.088604927062988281e+00,1.091863512992858887e+00,1.089886188507080078e+00,1.061956524848937988e+00,1.002350091934204102e+00,1.038361191749572754e+00,1.034265041351318359e+00,1.008919358253479004e+00,1.027674674987792969e+00,1.041294336318969727e+00,9.743757247924804688e-01,1.008738279342651367e+00,1.026407361030578613e+00,9.279889464378356934e-01,1.005845427513122559e+00,1.021300315856933594e+00,1.001162886619567871e+00,1.020764589309692383e+00,1.091339468955993652e+00
17,9.199867248535156250e-01,1.023337125778198242e+00,9.606091976165771484e-01,9.372461438179016113e-01,9.018924236297607422e-01,8.951319456100463867e-01,9.385389685630798340e-01,9.670231342315673828e-01,9.928703308105468750e-01,9.909185171127319336e-01,9.896533489227294922e-01,9.757144451141357422e-01,9.574728608131408691e-01,1.004906654357910156e+00,9.890694618225097656e-01,1.098947882652282715e+00,1.114836931228637695e+00,4.535148739814758301e-01,6.597846746444702148e-01,6.870239377021789551e-01,7.635530233383178711e-01,7.673172950744628906e-01,8.527193665504455566e-01,8.405889868736267090e-01,8.138030171394348145e-01,9.243110418319702148e-01,7.915101647377014160e-01,8.956969976425170898e-01,8.596978783607482910e-01,9.278761744499206543e-01,8.815418481826782227e-01,8.686236143112182617e-01,1.036403536796569824e+00,1.000015139579772949e+00,1.033668756484985352e+00,9.627382159233093262e-01,9.882970452308654785e-01,9.549294114112854004e-01
18,9.515699148178100586e-01,9.845510721206665039e-01,9.143235087394714355e-01,9.503212571144104004e-01,8.815947175025939941e-01,9.730153679847717285e-01,9.793472290039062500e-01,9.378657341003417969e-01,9.486656188964843750e-01,9.505618214607238770e-01,9.680876731872558594e-01,9.699354767799377441e-01,9.341601729393005371e-01,9.639297723770141602e-01,9.796633720397949219e-01,1.053779125213623047e+00,1.087659120559692383e+00,6.597846746444702148e-01,5.042033195495605469e-01,6.162303686141967773e-01,6.512243747711181641e-01,7.333889007568359375e-01,7.678062915802001953e-01,7.651135921478271484e-01,8.435492515563964844e-01,8.382409214973449707e-01,8.595374226570129395e-01,7.806177735328674316e-01,8.712432980537414551e-01,8.704555630683898926e-01,8.516579270362854004e-01,8.126475811004638672e-01,1.015696525573730469e+00,9.788791537284851074e-01,1.029312014579772949e+00,9.487042427062988281e-01,9.916704893112182617e-01,8.506559133529663086e-01
19,9.274799227714538574e-01,9.733541011810302734e-01,9.371269345283508301e-01,9.729249477386474609e-01,9.083440899848937988e-01,9.625328779220581055e-01,9.778725504875183105e-01,9.379706382751464844e-01,9.618666172027587891e-01,9.449512958526611328e-01,9.735938310623168945e-01,9.342286586761474609e-01,9.535724520683288574e-01,9.492340087890625000e-01,9.749737977981567383e-01,1.058341860771179199e+00,1.088604927062988281e+00,6.870239377021789551e-01,6.162303686141967773e-01,5.625526905059814453e-01,6.735917925834655762e-01,7.100026011466979980e-01,8.097036480903625488e-01,7.730022668838500977e-01,8.405551314353942871e-01,8.029441237449645996e-01,8.647519946098327637e-01,7.856033444404602051e-01,8.234924077987670898e-01,8.305726647377014160e-01,8.494782447814941406e-01,8.378467559814453125e-01,1.004994153976440430e+00,9.796714782714843750e-01,1.000572323799133301e+00,9.301508069038391113e-01,9.758837223052978516e-01,8.644137382507324219e-01
20,9.698014855384826660e-01,9.894073605537414551e-01,9.775192737579345703e-01,9.104998707771301270e-01,9.476228952407836914e-01,9.868451356887817383e-01,9.759415984153747559e-01,9.548504352569580078e-01,9.790154099464416504e-01,9.613040685653686523e-01,9.679551124572753906e-01,9.812772274017333984e-01,9.615122079849243164e-01,9.747627973556518555e-01,9.783325195312500000e-01,1.063114285469055176e+00,1.091863512992858887e+00,7.635530233383178711e-01,6.512243747711181641e-01,6.735917925834655762e-01,4.951821863651275635e-01,7.113459706306457520e-01,6.516536474227905273e-01,7.763977050781250000e-01,8.743429183959960938e-01,8.318741321563720703e-01,9.109791517257690430e-01,7.504953742027282715e-01,8.488578796386718750e-01,8.670402169227600098e-01,8.734347820281982422e-01,8.573641180992126465e-01,9.892871379852294922e-01,9.817291498184204102e-01,1.003410339355468750e+00,9.465156793594360352e-01,9.694495201110839844e-01,7.819510102272033691e-01
21,9.990383982658386230e-01,9.471265077590942383e-01,9.105508923530578613e-01,9.540557265281677246e-01,8.784214258193969727e-01,9.482234120368957520e-01,9.636945128440856934e-01,9.143825769424438477e-01,9.290781021118164062e-01,9.238856434822082520e-01,9.260625839233398438e-01,9.034369587898254395e-01,9.156549572944641113e-01,9.393947720527648926e-01,9.357320070266723633e-01,1.082513809204101562e+00,1.089886188507080078e+00,7.673172950744628906e-01,7.333889007568359375e-01,7.100026011466979980e-01,7.113459706306457520e-01,5.736505985260009766e-01,7.905504107475280762e-01,8.177822232246398926e-01,8.855344057083129883e-01,9.218441843986511230e-01,9.181765317916870117e-01,8.148133754730224609e-01,8.674901127815246582e-01,8.349902629852294922e-01,7.862702608108520508e-01,7.784067392349243164e-01,1.000596404075622559e+00,9.694784283638000488e-01,1.035999655723571777e+00,1.008288383483886719e+00,9.705471992492675781e-01,9.619768857955932617e-01
22,9.951756596565246582e-01,9.836316108703613281e-01,1.007646679878234863e+00,9.675538539886474609e-01,9.721865057945251465e-01,1.005504250526428223e+00,9.888192415237426758e-01,1.006548285484313965e+00,1.003519535064697266e+00,9.698447585105895996e-01,9.952940940856933594e-01,9.948894381523132324e-01,9.900553226470947266e-01,9.840348958969116211e-01,9.940487742424011230e-01,1.060873508453369141e+00,1.061956524848937988e+00,8.527193665504455566e-01,7.678062915802001953e-01,8.097036480903625488e-01,6.516536474227905273e-01,7.905504107475280762e-01,5.864286422729492188e-01,7.412820458412170410e-01,7.359007000923156738e-01,7.386312484741210938e-01,7.974998950958251953e-01,6.834018230438232422e-01,7.193726897239685059e-01,7.886487841606140137e-01,7.703900933265686035e-01,7.999602556228637695e-01,9.133018255233764648e-01,8.894058465957641602e-01,9.229753613471984863e-01,8.866752386093139648e-01,8.652498126029968262e-01,8.377105593681335449e-01
23,9.538891315460205078e-01,9.786659479141235352e-01,9.718267321586608887e-01,1.038091897964477539e+00,1.004579424858093262e+00,1.015929341316223145e+00,9.982783198356628418e-01,1.004114031791687012e+00,1.004010319709777832e+00,9.809662699699401855e-01,9.854314327239990234e-01,9.699376821517944336e-01,9.719280004501342773e-01,9.706242084503173828e-01,9.846283793449401855e-01,1.019085884094238281e+00,1.002350091934204102e+00,8.405889868736267090e-01,7.651135921478271484e-01,7.730022668838500977e-01,7.763977050781250000e-01,8.177822232246398926e-01,7.412820458412170410e-01,5.705350041389465332e-01,7.583047747611999512e-01,6.916490197181701660e-01,8.012174963951110840e-01,6.463261246681213379e-01,7.153523564338684082e-01,7.196254134178161621e-01,7.183612585067749023e-01,7.396045327186584473e-01,9.001740217208862305e-01,8.922012448310852051e-01,9.050442576408386230e-01,8.638073801994323730e-01,8.893495798110961914e-01,8.449902534484863281e-01
24,9.611957073211669922e-01,1.015671610832214355e+00,1.007403135299682617e+00,1.014936566352844238e+00,1.011323213577270508e+00,9.987966418266296387e-01,1.012508988380432129e+00,9.962436556816101074e-01,9.813955426216125488e-01,9.733524322509765625e-01,9.881721735000610352e-01,9.682555198669433594e-01,9.915148019790649414e-01,9.690329432487487793e-01,9.869736433029174805e-01,1.052582383155822754e+00,1.038361191749572754e+00,8.138030171394348145e-01,8.435492515563964844e-01,8.405551314353942871e-01,8.743429183959960938e-01,8.855344057083129883e-01,7.359007000923156738e-01,7.583047747611999512e-01,5.992527604103088379e-01,6.570694446563720703e-01,6.412014961242675781e-01,7.145134806632995605e-01,6.056098937988281250e-01,7.441211342811584473e-01,7.410815954208374023e-01,8.026542067527770996e-01,9.363325238227844238e-01,8.967635631561279297e-01,9.250276088714599609e-01,8.779717087745666504e-01,8.958853483200073242e-01,8.842476010322570801e-01
25,9.773697853088378906e-01,9.946113228797912598e-01,1.005630016326904297e+00,1.044210553169250488e+00,1.041681170463562012e+00,1.022653102874755859e+00,1.015463948249816895e+00,1.015781283378601074e+00,1.019180417060852051e+00,9.776194095611572266e-01,1.009492754936218262e+00,9.808294177055358887e-01,1.000442981719970703e+00,9.478437900543212891e-01,9.902405142784118652e-01,1.055199980735778809e+00,1.034265041351318359e+00,9.243110418319702148e-01,8.382409214973449707e-01,8.029441237449645996e-01,8.318741321563720703e-01,9.218441843986511230e-01,7.386312484741210938e-01,6.916490197181701660e-01,6.570694446563720703e-01,5.236522555351257324e-01,7.462884783744812012e-01,6.341838240623474121e-01,6.148244738578796387e-01,6.726567149162292480e-01,7.354463934898376465e-01,7.830663919448852539e-01,9.135540723800659180e-01,9.123944044113159180e-01,8.980588912963867188e-01,8.749550580978393555e-01,9.093227982521057129e-01,7.800671458244323730e-01
26,9.497243762016296387e-01,1.029675245285034180e+00,1.030988574028015137e+00,9.933310747146606445e-01,9.875974059104919434e-01,9.901419281959533691e-01,1.000474572181701660e+00,1.016002893447875977e+00,1.014278769493103027e+00,9.999746680259704590e-01,1.034861445426940918e+00,1.011403203010559082e+00,1.025257229804992676e+00,1.004421710968017578e+00,1.007217884063720703e+00,1.026142239570617676e+00,1.008919358253479004e+00,7.915101647377014160e-01,8.595374226570129395e-01,8.647519946098327637e-01,9.109791517257690430e-01,9.181765317916870117e-01,7.974998950958251953e-01,8.012174963951110840e-01,6.412014961242675781e-01,7.462884783744812012e-01,4.834341406822204590e-01,7.699342966079711914e-01,6.224719882011413574e-01,8.038550019264221191e-01,7.525070905685424805e-01,7.987045049667358398e-01,9.091586470603942871e-01,9.066810607910156250e-01,8.870053887367248535e-01,8.758345246315002441e-01,8.825432062149047852e-01,9.199857115745544434e-01
27,9.844923615455627441e-01,9.779066443443298340e-01,9.757575988769531250e-01,1.040089488029479980e+00,1.013589739799499512e+00,1.030745267868041992e+00,1.014619708061218262e+00,1.017905592918395996e+00,1.015405535697937012e+00,9.883371591567993164e-01,1.014811277389526367e+00,9.860043525695800781e-01,9.906457662582397461e-01,9.729905128479003906e-01,1.000665307044982910e+00,1.044742107391357422e+00,1.027674674987792969e+00,8.956969976425170898e-01,7.806177735328674316e-01,7.856033444404602051e-01,7.504953742027282715e-01,8.148133754730224609e-01,6.834018230438232422e-01,6.463261246681213379e-01,7.145134806632995605e-01,6.341838240623474121e-01,7.699342966079711914e-01,5.795396566390991211e-01,6.501481533050537109e-01,6.557850241661071777e-01,6.598094701766967773e-01,6.929804682731628418e-01,9.134650230407714844e-01,9.031494855880737305e-01,9.063295722007751465e-01,8.892915248870849609e-01,8.904811739921569824e-01,7.833597064018249512e-01
28,9.638861417770385742e-01,1.039358735084533691e+00,1.029267787933349609e+00,1.041793107986450195e+00,1.026677608489990234e+00,1.006027579307556152e+00,1.010711431503295898e+00,1.065099954605102539e+00,1.035276651382446289e+00,1.026588916778564453e+00,1.039496064186096191e+00,1.001933693885803223e+00,1.045431137084960938e+00,1.017806887626647949e+00,1.052437305450439453e+00,1.076429843902587891e+00,1.041294336318969727e+00,8.596978783607482910e-01,8.712432980537414551e-01,8.234924077987670898e-01,8.488578796386718750e-01,8.674901127815246582e-01,7.193726897239685059e-01,7.153523564338684082e-01,6.056098937988281250e-01,6.148244738578796387e-01,6.224719882011413574e-01,6.501481533050537109e-01,4.862303137779235840e-01,6.799165010452270508e-01,6.792351603507995605e-01,7.707568407058715820e-01,9.010681509971618652e-01,9.271088838577270508e-01,9.271513223648071289e-01,8.967297077178955078e-01,9.322993159294128418e-01,8.590003848075866699e-01
29,9.964974522590637207e-01,9.765272736549377441e-01,9.767659902572631836e-01,1.069387912750244141e+00,1.034487247467041016e+00,9.967477321624755859e-01,9.999006390571594238e-01,1.022508025169372559e+00,1.026819705963134766e+00,9.827082157135009766e-01,1.017627120018005371e+00,9.761490821838378906e-01,9.740965366363525391e-01,9.598723649978637695e-01,9.852945804595947266e-01,9.988567829132080078e-01,9.743757247924804688e-01,9.278761744499206543e-01,8.704555630683898926e-01,8.305726647377014160e-01,8.670402169227600098e-01,8.349902629852294922e-01,7.886487841606140137e-01,7.196254134178161621e-01,7.441211342811584473e-01,6.726567149162292480e-01,8.038550019264221191e-01,6.557850241661071777e-01,6.799165010452270508e-01,6.193069815635681152e-01,6.549344062805175781e-01,6.969094276428222656e-01,8.764771819114685059e-01,8.729853034019470215e-01,9.129453897476196289e-01,8.928821682929992676e-01,8.957682251930236816e-01,8.233994245529174805e-01
30,9.793897867202758789e-01,9.782643914222717285e-01,9.755914211273193359e-01,1.026343941688537598e+00,1.009349584579467773e+00,9.989284276962280273e-01,1.002210497856140137e+00,1.006930589675903320e+00,1.037422180175781250e+00,9.717778563499450684e-01,1.010977149009704590e+00,9.529781937599182129e-01,9.634805321693420410e-01,9.728307127952575684e-01,9.719324707984924316e-01,1.031302094459533691e+00,1.008738279342651367e+00,8.815418481826782227e-01,8.516579270362854004e-01,8.494782447814941406e-01,8.734347820281982422e-01,7.862702608108520508e-01,7.703900933265686035e-01,7.183612585067749023e-01,7.410815954208374023e-01,7.354463934898376465e-01,7.525070905685424805e-01,6.598094701766967773e-01,6.792351603507995605e-01,6.549344062805175781e-01,5.915820002555847168e-01,6.198942661285400391e-01,9.011839628219604492e-01,8.977904319763183594e-01,9.223603010177612305e-01,8.928027749061584473e-01,8.808945417404174805e-01,8.762392401695251465e-01
31,9.603038430213928223e-01,9.630438089370727539e-01,9.598031640052795410e-01,1.003932118415832520e+00,9.695721268653869629e-01,9.777495265007019043e-01,9.922468066215515137e-01,9.773296713829040527e-01,1.022204995155334473e+00,9.428281784057617188e-01,9.734501242637634277e-01,9.537266492843627930e-01,9.328524470329284668e-01,9.337469935417175293e-01,9.343526363372802734e-01,1.032088875770568848e+00,1.026407361030578613e+00,8.686236143112182617e-01,8.126475811004638672e-01,8.378467559814453125e-01,8.573641180992126465e-01,7.784067392349243164e-01,7.999602556228637695e-01,7.396045327186584473e-01,8.026542067527770996e-01,7.830663919448852539e-01,7.987045049667358398e-01,6.929804682731628418e-01,7.707568407058715820e-01,6.969094276428222656e-01,6.198942661285400391e-01,5.946347713470458984e-01,9.475942254066467285e-01,9.322398900985717773e-01,9.274058341979980469e-01,8.987420201301574707e-01,8.982321023941040039e-01,8.551035523414611816e-01
32,9.853417277336120605e-01,1.009531140327453613e+00,1.025382399559020996e+00,9.817584753036499023e-01,1.057897806167602539e+00,1.026058197021484375e+00,9.928467869758605957e-01,1.044420003890991211e+00,1.008927702903747559e+00,1.015145301818847656e+00,1.022337913513183594e+00,1.027848124504089355e+00,1.052883148193359375e+00,1.007070779800415039e+00,1.027012467384338379e+00,9.274211525917053223e-01,9.279889464378356934e-01,1.036403536796569824e+00,1.015696525573730469e+00,1.004994153976440430e+00,9.892871379852294922e-01,1.000596404075622559e+00,9.133018255233764648e-01,9.001740217208862305e-01,9.363325238227844238e-01,9.135540723800659180e-01,9.091586470603942871e-01,9.134650230407714844e-01,9.010681509971618652e-01,8.764771819114685059e-01,9.011839628219604492e-01,9.475942254066467285e-01,5.273830890655517578e-01,6.081383228302001953e-01,7.178671360015869141e-01,7.573915123939514160e-01,6.804729104042053223e-01,9.378379583358764648e-01
33,9.897587895393371582e-01,1.000083208084106445e+00,1.002920627593994141e+00,9.579610228538513184e-01,1.020177483558654785e+00,9.971151947975158691e-01,9.729281067848205566e-01,1.013299822807312012e+00,9.903161525726318359e-01,9.951975345611572266e-01,9.885265827178955078e-01,1.013727188110351562e+00,1.030389904975891113e+00,1.002614855766296387e+00,1.000381708145141602e+00,9.947646856307983398e-01,1.005845427513122559e+00,1.000015139579772949e+00,9.788791537284851074e-01,9.796714782714843750e-01,9.817291498184204102e-01,9.694784283638000488e-01,8.894058465957641602e-01,8.922012448310852051e-01,8.967635631561279297e-01,9.123944044113159180e-01,9.066810607910156250e-01,9.031494855880737305e-01,9.271088838577270508e-01,8.729853034019470215e-01,8.977904319763183594e-01,9.322398900985717773e-01,6.081383228302001953e-01,4.984397888183593750e-01,7.124726772308349609e-01,7.151175737380981445e-01,6.196525692939758301e-01,9.233146905899047852e-01
34,9.970388412475585938e-01,9.935547113418579102e-01,1.014404773712158203e+00,1.024096727371215820e+00,1.003176212310791016e+00,1.031275272369384766e+00,1.000645399093627930e+00,1.001661181449890137e+00,9.806332588195800781e-01,1.005828738212585449e+00,9.636657238006591797e-01,9.958605170249938965e-01,1.038416743278503418e+00,9.574108719825744629e-01,9.851773977279663086e-01,1.031901478767395020e+00,1.021300315856933594e+00,1.033668756484985352e+00,1.029312014579772949e+00,1.000572323799133301e+00,1.003410339355468750e+00,1.035999655723571777e+00,9.229753613471984863e-01,9.050442576408386230e-01,9.250276088714599609e-01,8.980588912963867188e-01,8.870053887367248535e-01,9.063295722007751465e-01,9.271513223648071289e-01,9.129453897476196289e-01,9.223603010177612305e-01,9.274058341979980469e-01,7.178671360015869141e-01,7.124726772308349609e-01,4.707380533218383789e-01,6.584743261337280273e-01,5.618066191673278809e-01,8.868160843849182129e-01
35,9.188868403434753418e-01,9.283480048179626465e-01,9.695240259170532227e-01,9.726176261901855469e-01,1.003651261329650879e+00,9.760812520980834961e-01,9.603810906410217285e-01,1.000279426574707031e+00,1.004800319671630859e+00,9.850736260414123535e-01,9.477890729904174805e-01,9.800605177879333496e-01,1.000947594642639160e+00,9.465610384941101074e-01,9.922738075256347656e-01,1.019369244575500488e+00,1.001162886619567871e+00,9.627382159233093262e-01,9.487042427062988281e-01,9.301508069038391113e-01,9.465156793594360352e-01,1.008288383483886719e+00,8.866752386093139648e-01,8.638073801994323730e-01,8.779717087745666504e-01,8.749550580978393555e-01,8.758345246315002441e-01,8.892915248870849609e-01,8.967297077178955078e-01,8.928821682929992676e-01,8.928027749061584473e-01,8.987420201301574707e-01,7.573915123939514160e-01,7.151175737380981445e-01,6.584743261337280273e-01,4.608650505542755127e-01,6.610518097877502441e-01,8.293527960777282715e-01
36,9.732948541641235352e-01,9.820441603660583496e-01,9.722548127174377441e-01,1.000659227371215820e+00,9.866515398025512695e-01,1.014307737350463867e+00,9.811518788337707520e-01,9.781737923622131348e-01,9.811147451400756836e-01,9.605070352554321289e-01,9.588631987571716309e-01,9.820054173469543457e-01,1.004915595054626465e+00,9.679229855537414551e-01,9.607859253883361816e-01,1.008567452430725098e+00,1.020764589309692383e+00,9.882970452308654785e-01,9.916704893112182617e-01,9.758837223052978516e-01,9.694495201110839844e-01,9.705471992492675781e-01,8.652498126029968262e-01,8.893495798110961914e-01,8.958853483200073242e-01,9.093227982521057129e-01,8.825432062149047852e-01,8.904811739921569824e-01,9.322993159294128418e-01,8.957682251930236816e-01,8.808945417404174805e-01,8.982321023941040039e-01,6.804729104042053223e-01,6.196525692939758301e-01,5.618066191673278809e-01,6.610518097877502441e-01,4.754602313041687012e-01,9.010740518569946289e-01
37,9.384663701057434082e-01,9.733090400695800781e-01,9.588176608085632324e-01,9.610204100608825684e-01,9.783917069435119629e-01,9.800723195075988770e-01,9.643862843513488770e-01,9.879840612411499023e-01,1.001564979553222656e+00,1.015460133552551270e+00,9.941110014915466309e-01,9.701893329620361328e-01,1.002766728401184082e+00,9.600088596343994141e-01,1.026622414588928223e+00,1.111844062805175781e+00,1.091339468955993652e+00,9.549294114112854004e-01,8.506559133529663086e-01,8.644137382507324219e-01,7.819510102272033691e-01,9.619768857955932617e-01,8.377105593681335449e-01,8.449902534484863281e-01,8.842476010322570801e-01,7.800671458244323730e-01,9.199857115745544434e-01,7.833597064018249512e-01,8.590003848075866699e-01,8.233994245529174805e-01,8.762392401695251465e-01,8.551035523414611816e-01,9.378379583358764648e-01,9.233146905899047852e-01,8.868160843849182129e-01,8.293527960777282715e-01,9.010740518569946289e-01,4.021253883838653564e-01
